1769788067047 0.7027712129297857 1
1769788071133 0.8673000686132499 2
1769788075092 0.8590569489974842 3
1769788079123 0.8596573149348175 4
1769788083081 0.8471258671952429 5
1769788087116 0.8420561103910955 6
1769788091062 0.8482027140352215 7
1769788095114 0.8362335137607685 8
1769788099107 0.8008214530761607 9
1769788103169 0.8182225356407715 10
1769788106915 0.827018373103606 11
1769788110671 0.8340417016085995 12
1769788114527 0.8307444537622932 13
1769788118249 0.8473259891743539 14
1769788122108 0.8329648547686209 15
1769788125846 0.8632976290310285 16
1769788129767 0.8582945795532515 17
1769788133544 0.8622303118091027 18
1769788137425 0.8672810093771441 19
1769788141509 0.8754955401387512 20
1769788145298 0.8609247541358542 21
1769788149217 0.8807749485400626 22
1769788153063 0.8665376991690174 23
1769788156904 0.8766200350689944 24
1769788160785 0.8674239536479378 25
1769788164578 0.8654513227109858 26
1769788168472 0.873332316840741 27
1769788172266 0.8772680490965922 28
1769788176343 0.8559788823663947 29
1769788180224 0.8797171609361897 30
1769788184084 0.8823187466646337 31
1769788187969 0.8790596172905389 32
1769788191796 0.8817279103453534 33
1769788195891 0.8889132423572463 34
1769788199742 0.8864069528093313 35
1769788203894 0.8778302965617139 36
1769788207903 0.8859876496150034 37
1769788211739 0.8889227719752992 38
1769788215857 0.8926679118700922 39
1769788220077 0.8890943051002516 40
1769788224111 0.8938209956544941 41
1769788228044 0.8948311351681024 42
1769788231919 0.8917054204467485 43
1769788236316 0.8897327895097964 44
1769788240661 0.8828619348936495 45
1769788244989 0.8854539910040405 46
1769788249457 0.8956316230845468 47
1769788253827 0.8952218495082717 48
1769788258134 0.89623198902188 49
1769788262435 0.8946310131889914 50
1769788266947 0.8987001600975832 51
1769788271270 0.8975756651673401 52
1769788275700 0.898938400548906 53
1769788279896 0.8976328428756576 54
1769788283790 0.8947358389875734 55
1769788287744 0.9006727910345353 56
1769788291801 0.9005774948540063 57
1769788296086 0.9053232446443547 58
1769788300033 0.9055805443317831 59
1769788304016 0.9004250209651598 60
1769788307896 0.9018258748189373 61
1769788312070 0.9009300907219638 62
1769788315966 0.9040653350613708 63
1769788319923 0.9034363802698788 64
1769788323904 0.9019211709994663 65
1769788328081 0.8999294808264084 66
1769788332004 0.8996626515209271 67
1769788335945 0.9006442021803767 68
1769788339861 0.9004345505832126 69
1769788343970 0.9018354044369902 70
1769788347965 0.9072577571090951 71
1769788351914 0.9083917816573912 72
1769788355954 0.9083155447129679 73
1769788360165 0.9075341160326295 74
1769788364340 0.9061427917969048 75
1769788368376 0.9069909278036137 76
1769788372544 0.9082297781504918 77
1769788376761 0.9107265380803538 78
1769788380712 0.9115079667606922 79
1769788384625 0.9095925135320576 80
1769788388878 0.9096115727681634 81
1769788392789 0.9050945338110848 82
1769788396746 0.9047228787070214 83
1769788400746 0.9062190287413281 84
1769788405052 0.9073816421437829 85
1769788409107 0.9069623389494549 86
1769788413086 0.903102843638027 87
1769788417126 0.9070290462758253 88
1769788421391 0.9079438896089045 89
1769788425369 0.9066097430814973 90
1769788429426 0.9078485934283754 91
1769788433411 0.9083822520393383 92
1769788437598 0.9086014332545551 93
1769788441601 0.9096401616223222 94
1769788445703 0.9068575131508729 95
1769788449730 0.9063619730121216 96
1769788454050 0.9083536631851795 97
1769788458034 0.9113650224898986 98
1769788461971 0.9082393077685447 99
1769788465905 0.9062094991232751 100
