1769788067047 1.2161744125187397 1
1769788071133 1.0515877418220043 2
1769788075092 0.8738992419093847 3
1769788079123 0.8787908479571342 4
1769788083081 0.886136525310576 5
1769788087116 0.8154594479128718 6
1769788091062 0.8689531125128269 7
1769788095114 0.743730790913105 8
1769788099107 0.8136476194486022 9
1769788103169 0.8407297423109412 10
1769788106915 0.7400829289108515 11
1769788110671 0.7485514702275395 12
1769788114527 0.6633143881335855 13
1769788118249 0.5817648693919182 14
1769788122108 0.6170551683753729 15
1769788125846 0.568067361600697 16
1769788129767 0.520951253362 17
1769788133544 0.5317472983151674 18
1769788137425 0.5197574384510517 19
1769788141509 0.5008461950346828 20
1769788145298 0.523271419107914 21
1769788149217 0.48558408208191395 22
1769788153063 0.5220401706174016 23
1769788156904 0.5220021605491638 24
1769788160785 0.5783033454790711 25
1769788164578 0.4562492184340954 26
1769788168472 0.44817474391311407 27
1769788172266 0.5128813358023763 28
1769788176343 0.4835226871073246 29
1769788180224 0.445887110196054 30
1769788184084 0.4253614619374275 31
1769788187969 0.4265741999261081 32
1769788191796 0.42605402832850814 33
1769788195891 0.41337771108374 34
1769788199742 0.42475204449146986 35
1769788203894 0.3980778818950057 36
1769788207903 0.4245305163785815 37
1769788211739 0.4213075670413673 38
1769788215857 0.408090740442276 39
1769788220077 0.38812371995300055 40
1769788224111 0.39651414658874273 41
1769788228044 0.37983438558876514 42
1769788231919 0.5050344867631793 43
1769788236316 0.4000212699174881 44
1769788240661 0.6193129708990455 45
1769788244989 0.39684410113841295 46
1769788249457 0.4272464159876108 47
1769788253827 0.39498854987323284 48
1769788258134 0.40210180822759867 49
1769788262435 0.41506026731804013 50
1769788266947 0.3702198867686093 51
1769788271270 0.4137239526025951 52
1769788275700 0.3875007638707757 53
1769788279896 0.42072195187211037 54
1769788283790 0.39053494622930884 55
1769788287744 0.36902279360219836 56
1769788291801 0.3566766702570021 57
1769788296086 0.3605091334320605 58
1769788300033 0.4939216300845146 59
1769788304016 0.35743430349975824 60
1769788307896 0.378419553861022 61
1769788312070 0.3576689506880939 62
1769788315966 0.34945941995829344 63
1769788319923 0.363036323338747 64
1769788323904 0.3594333743676543 65
1769788328081 0.3717833678238094 66
1769788332004 0.36364485044032335 67
1769788335945 0.3338655587285757 68
1769788339861 0.35370397567749023 69
1769788343970 0.35454763704910874 70
1769788347965 0.3505247817374766 71
1769788351914 0.36467881267890334 72
1769788355954 0.3487512222491205 73
1769788360165 0.34642723482102156 74
1769788364340 0.3643553499132395 75
1769788368376 0.35474022570997477 76
1769788372544 0.34926773235201836 77
1769788376761 0.334278860129416 78
1769788380712 0.40191777190193534 79
1769788384625 0.3336073448881507 80
1769788388878 0.35357092367485166 81
1769788392789 0.3872820190154016 82
1769788396746 0.38370496639981866 83
1769788400746 0.34210197161883116 84
1769788405052 0.35697140358388424 85
1769788409107 0.34929533349350095 86
1769788413086 0.3478700132109225 87
1769788417126 0.34282975643873215 88
1769788421391 0.3354233712889254 89
1769788425369 0.34944488666951656 90
1769788429426 0.3347683879546821 91
1769788433411 0.3689114870503545 92
1769788437598 0.3292072443291545 93
1769788441601 0.36776874866336584 94
1769788445703 0.349466806743294 95
1769788449730 0.34350008936598897 96
1769788454050 0.3273533503524959 97
1769788458034 0.3343586162663996 98
1769788461971 0.3381018014624715 99
1769788465905 0.353658493142575 100
